0
486
486
490
490
490
496
490
529
529
554
531
340
342
342
342
342
339
519
603
1300
1223
1223
1157
1136
1312
613
1313
1313
1313
1313
1313
1347
1844
1844
1913
1918
1966
2183
2353
2425
2433
2475
2552
2475
2390
2523
2513
2513
2618
2640
2619
2646
2649
2663
2674
2670
2707
2780
2832
2848
2968
2972
2982
2984
2984
3021
3022
3015
2982
3116
3244
3260
3307
3324
3555
3814
3966
4029
3816
4312
3816
4323
4288
4338
4374
4913
5083
5083
4987
4983
4983
4982
5023
5125
5181
5181
5181
5660
5656
5661
5662
5671
5671
5679
5996
6032
6076
6231
6107
6099
6105
6105
6105
6105
